cdr3_b_aa,antigen.epitope
CASSIGGEVFF,SSLENFRAYV
CASSSGGGVFF,SSLENFRAYV
CASSDSKNTEVFF,SSYRRPVGI
CASSPDSAETLYF,SSYRRPVGI
CASRGQTSAETLYF,SSYRRPVGI
CASSRDSAETLYF,SSYRRPVGI
CASSFRDSAETLYF,SSYRRPVGI
CASGGSSAETLYF,SSYRRPVGI
CASSTESAETLYF,SSYRRPVGI
CASTPDRGQDTQYF,SSYRRPVGI
CASSLESAETLYF,SSYRRPVGI
CASSQDSAETLYF,SSYRRPVGI
CTCSAGTGGYNYAEQFF,SSPPMFRV
CASSLRGDNQAPLF,HGIRNASFI
CASSGGSNTGQLYF,ASNENMETM
CASSPPDSAETLYF,SSYRRPVGI
CASSPRKQLYF,ASNENMETM
CAWSLEDSAETLYF,SSYRRPVGI
CASSPDSAETLYF,SSYRRPVGI
CASSGESAETLYF,SSYRRPVGI
CAWSGRTGGYNYAEQFF,SSPPMFRV
CASSLRGDNQAPLF,HGIRNASFI
CAGTGGAEQYF,SSYRRPVGI
CTCSAGTGGYNYAEQFF,SSPPMFRV
CASSRDSAETLYF,SSYRRPVGI
CASSLDRGEVFF,SSLENFRAYV
CTCSAGTGGYNYAEQFF,SSPPMFRV
CASSGGSNTGQLYF,ASNENMETM
CASSPGTGGYNYAEQFF,SSPPMFRV
CASSLGDEQYF,SSLENFRAYV
CASSGDSAETLYF,ASNENMETM
CASSLFPTEVFF,SSLENFRAYV
CASSSGFNYAEQFF,HGIRNASFI
CASSQDSAETLYF,SSYRRPVGI
CASSPPDSAETLYF,SSYRRPVGI
CASSRDSAETLYF,SSYRRPVGI
CASSFGQAPLF,SSLENFRAYV
CTCSSGTGGFNYAEQFF,SSPPMFRV
CASSETGRRTEVFF,ASNENMETM
CASGGSSAETLYF,SSYRRPVGI
CASSRDSAETLYF,SSYRRPVGI
CASSGSSAETLYF,SSYRRPVGI
CASGDTSAETLYF,SSYRRPVGI
CASSLGSQNTLYF,HGIRNASFI
CASSQDSAETLYF,SSYRRPVGI
CASGDALETLYF,SSYRRPVGI
CASSPDRGRLFF,SSLENFRAYV
CTCSAGTGGYNYAEQFF,SSPPMFRV
CASSGKQNTSQFTF,ASNENMETM
CASSKDSAETLYF,SSYRRPVGI
CASSIGDEQYF,SSLENFRAYV
CASSQDSAETLYF,SSYRRPVGI
CTCSAGTGGYNYAEQFF,SSPPMFRV
CASSDRDRDPGNTLYF,SSLENFRAYV
CASSLVGDYEQYF,HGIRNASFI
CASSPTGGDQNTLYF,SSLENFRAYV
CASSYRGDYAEQFF,HGIRNASFI
CASSPDRGEVFF,SSLENFRAYV
CASGGQESAETLYF,SSYRRPVGI
CARRQGSAETLYF,SSYRRPVGI
CASSIGSEQYF,SSLENFRAYV
CASSPGTGGYNYAEQFF,SSPPMFRV
CASSPGTGGYNYAEQFF,SSPPMFRV
CASGETAGNTLYF,ASNENMETM
CASGEDSAETLYF,SSYRRPVGI
CASSGGGNTGQLYF,ASNENMETM
CASKGGSNTGQLYF,ASNENMETM
CASSLSGFEQYF,SSLENFRAYV
CASSSDSAETLYF,SSYRRPVGI
CASFTANERLFF,SSYRRPVGI
CASEGGPNQDTQYF,SSLENFRAYV
CASSPLGTSAETLYF,HGIRNASFI
CAWTGTSAETLYF,SSYRRPVGI
CASSGGANTGQLYF,ASNENMETM
CASRGTDSAETLYF,SSYRRPVGI
CASSGLGTSAETLYF,HGIRNASFI
CASSYGGGEQYF,SSLENFRAYV
CASSPDRGALYF,SSLENFRAYV
CASSQDSAETLYF,SSYRRPVGI
CASSRLGASAETLYF,HGIRNASFI
CGDGTGGNTLYF,SSLENFRAYV
CASSGGAHTGQLYF,ASNENMETM
CASSSPTEQYF,SSLENFRAYV
CASSRDSAETLYF,SSYRRPVGI
CASSIGGEVFF,SSLENFRAYV
CTCSAGTGGYNYAEQFF,SSPPMFRV
CASSLKQGRSDYTF,ASNENMETM
CASSPLGSSAETLYF,HGIRNASFI
CASSPDRGEVFF,SSLENFRAYV
CTCSAGTGGYNYAEQFF,SSPPMFRV
CASSFQDSAETLYF,SSYRRPVGI
CASSGGQNTGQLSF,ASNENMETM
CASSIGSEQFF,SSLENFRAYV
CASRYNERLFF,SSYRRPVGI
CASSGLGGSAETLYF,HGIRNASFI
CASSRDSAETLYF,SSYRRPVGI
CTCSTRASNTEVFF,ASNENMETM
CASGGESAETLYF,SSYRRPVGI
CASGDRTGGYNYAEQFF,SSPPMFRV
CASSQDLGGRYEQYF,ASNENMETM
CASSLGGGVFF,SSLENFRAYV
CASSGGANTGQLYF,ASNENMETM
CASSRDSDERLFF,SSYRRPVGI
CASSSDSAETLYF,SSYRRPVGI
CASSLATGGYNYAEQFF,SSPPMFRV
CASSGGGNTGQLYF,ASNENMETM
CASSATSAETLYF,SSYRRPVGI
CASSQDRRSSYNSPLYF,ASNENMETM
CTCSGGTGGYNYAEQFF,SSPPMFRV
CASSTDSAETLYF,SSYRRPVGI
CASSGDSAETLYF,SSYRRPVGI
CTCSAGTGGYNYAEQFF,SSPPMFRV
CASSGDSAETLYF,SSYRRPVGI
CASSLWGDYYEQYF,SSYRRPVGI
CASSLDRGEVFF,SSLENFRAYV
CASSRDSAETLYF,SSYRRPVGI
CASSGGANTGQLYF,ASNENMETM
CASSRDWGGQDTQYF,HGIRNASFI
CASSWDSAETLYF,SSYRRPVGI
CTCSASPERLFF,SSPPMFRV
CASSPGQGVSNERLFF,HGIRNASFI
CASGGLDSAETLYF,SSYRRPVGI
CSSSQSARGRGQNTLYF,SSPPMFRV
CTCSAGTGGYNYAEQFF,SSPPMFRV
CASSEGKEVFF,ASNENMETM
CATGTGSSAETLYF,HGIRNASFI
CASSGGANTGQLYF,ASNENMETM
CASSRLGSSAETLYF,HGIRNASFI
CASGGDSAETLYF,SSYRRPVGI
CASSQDRGNTLYF,SSPPMFRV
CTCSGDSAETLYF,SSYRRPVGI
CATRQGSAETLYF,SSYRRPVGI
CASSIGGEVFF,SSLENFRAYV
CASSGGTGGFNYAEQFF,SSPPMFRV
CASRGQSSAETLYF,SSYRRPVGI
CASSIGDEQYF,SSLENFRAYV
CASSAGLDAEQYF,ASNENMETM
CTCSAGTGGYNYAEQFF,SSPPMFRV
CASSPDRGEQYF,SSLENFRAYV
CASTGGYEQYF,SSLENFRAYV
CASSWESAETLYF,SSYRRPVGI
CASSGGNEQYF,SSLENFRAYV
CASSGGANTGQLYF,ASNENMETM
CASSLGGYEQYF,SSLENFRAYV
CASSGGQGNYAEQFF,ASNENMETM
CTCSTGTGGFNYGEQFF,SSPPMFRV
CASSSGQDNYAEQFF,SSYRRPVGI
CASSPPTDSAETLYF,SSYRRPVGI
CTCSAGTGGYNYAEQFF,SSPPMFRV
CASSRLGTSAETLYF,HGIRNASFI
CASSFGTANSDYTF,SSPPMFRV
CASSGGANTGQLYF,ASNENMETM
CASSGESAETLYF,SSYRRPVGI
CASSQDPRRFSNERLFF,SSLENFRAYV
CASSGTDSAETLYF,SSYRRPVGI
CTCSAGTGGYNYAEQFF,SSPPMFRV
CASSGDSAETLYF,SSYRRPVGI
CGARDGGDSAETLYF,SSYRRPVGI
CASSPDSAETLYF,SSYRRPVGI
CASSGDRDEQYF,SSYRRPVGI
CASSLTNNYAEQFF,HGIRNASFI
CASRGGANTGQLYF,ASNENMETM
CASSLARDTQYF,ASNENMETM
CASSLVGDYEQYF,HGIRNASFI
CARRGTDSAETQYF,SSYRRPVGI
CASSGDSAETLYF,SSYRRPVGI
CTCSGGTGGYNYAEQFF,SSPPMFRV
CASSDHRNTEVFF,SSYRRPVGI
CASSPLGGRRDTQYF,SSLENFRAYV
CASSPGTGDYAEQFF,HGIRNASFI
CASSLSGEGNTEVFF,SSYRRPVGI
CASSKFANTEVFF,HGIRNASFI
CASSLVGDQNTLYF,HGIRNASFI
CASSGDSAETLYF,SSYRRPVGI
CASSRLGTSAETLYF,HGIRNASFI
CASSGGSNTGQLYF,ASNENMETM
CASSRLGSSAETLYF,HGIRNASFI
CASSRDSAETLYF,SSYRRPVGI
CTCSAGTGGYNYAEQFF,SSPPMFRV
CASSGGPNTGQLYF,ASNENMETM
CTCSAGTGGYNYAEQFF,SSPPMFRV
CASSGRDSNSDYTF,SSYRRPVGI
CASSSGTGGYNYAEQFF,SSYRRPVGI
CASSQDSAETLYF,SSYRRPVGI
CASSRDSAETLYF,SSYRRPVGI
CASSRGTIHSNTEVFF,ASNENMETM
CASSPDRGEQYF,SSLENFRAYV
CASSERDWGGEQYF,SSYRRPVGI
CASSRLGASAETLYF,HGIRNASFI
CASSFDSYEQYF,SSYRRPVGI
CSYGTTSAETLYF,SSYRRPVGI
CTCSADEGFYAEQFF,HGIRNASFI
CASSGGANTGQLYF,ASNENMETM
CASSRDWNTGQLYF,SSPPMFRV
CASSMGAEQFF,SSLENFRAYV
CASSEGGEQYF,SSLENFRAYV
CASRGTTSAETLYF,SSYRRPVGI
CASSIGGEVFF,SSLENFRAYV
CASRQTFNQDTQYF,SSPPMFRV
CASSGLNSDYTF,SSYRRPVGI
CASSSDSAETLYF,SSYRRPVGI
CASSLDRGEVFF,SSLENFRAYV
CASRGESAETLYF,SSYRRPVGI
CASSGGSNTGQLYF,ASNENMETM
CASGGDSAETLYF,SSYRRPVGI
CASSRFANTEVFF,HGIRNASFI
CASNPGQSAETLYF,SSYRRPVGI
CASSGGDSAETLYF,SSYRRPVGI
CASSSDSAETRYF,SSYRRPVGI
CASSPRVFNQAPLF,ASNENMETM
CASSQGREQYF,SSLENFRAYV
CASSLSGDSDYTF,HGIRNASFI
CASSLTGDYAEQFF,HGIRNASFI
CASSTGGEQYF,SSLENFRAYV
CASSAGTGGYNYAEQFF,SSPPMFRV
CASSGGANTGQLYF,ASNENMETM
CASSSLGSSAETLYF,HGIRNASFI
CASSDARTTEVFF,ASNENMETM
CASSQARNTEVFF,ASNENMETM
CASSDWTSQAPLF,HGIRNASFI
CASSWGDEQYF,SSLENFRAYV
CASSGDSAETLYF,SSYRRPVGI
CASSPGQGYEQYF,SSYRRPVGI
CASSGGSNTGQLYF,ASNENMETM
CASSPDRGQVFF,SSLENFRAYV
CASSPGTGGYNYAEQFF,SSPPMFRV
CASSEENTEVFF,SSPPMFRV
CASSLDRGEVFF,SSLENFRAYV
CASSGNSAETLYF,SSYRRPVGI
CTCSAGTGGYNYAEQFF,SSPPMFRV
CTCSAGTGGYNYAEQFF,SSYRRPVGI
CASSLPDSQDTQYF,SSYRRPVGI
CASSDGEQYF,SSYRRPVGI
CASSTGSAETLYF,SSYRRPVGI
CASSFRDSAETLYF,SSYRRPVGI
CASSASNFSNERLFF,SSLENFRAYV
CASSPLGSSAETLYF,HGIRNASFI
CANSFDSAETLYF,SSYRRPVGI
CASSADSAETLYF,SSLENFRAYV
CASSRDSAETLYF,SSYRRPVGI
CASSLGTGDTGQLYF,HGIRNASFI
CTCSAGTGGYNYAEQFF,SSPPMFRV
CASSPLGSSAETLYF,HGIRNASFI
CASSADSAETLYF,SSYRRPVGI
CASSYRGDYAEQFF,HGIRNASFI
CASSAGGENTLYF,HGIRNASFI
CASSDATKTEVFF,ASNENMETM
CTCSAANTGQLYF,SSYRRPVGI
CASSILGGGAETLYF,ASNENMETM
CASSRQNSDYTF,HGIRNASFI
CASKGGANTGQLYF,ASNENMETM
CASSGGNEQYF,SSLENFRAYV
CASSSDSAETLYF,SSYRRPVGI
CASMGTSAETLYF,SSYRRPVGI
CASSHDSAETLYF,SSYRRPVGI
CASSFRDSAETLYF,SSYRRPVGI
CAWSPGTGGYNYAEQFF,SSPPMFRV
CASSIGDEQYF,SSYRRPVGI
CAWTGGQDTQYF,SSYRRPVGI
CASSGGANTGQLYF,ASNENMETM
CASSGGSNTGQLYF,ASNENMETM
CASSLTGGGDYAEQFF,HGIRNASFI
CASSQDWGGDTQYF,SSYRRPVGI
CASSGGGRTGQLYF,ASNENMETM
CTCSGGTGGYNYAEQFF,SSPPMFRV
CTCSAGTGGYKYAEQFF,SSPPMFRV
CASSRDSAETLYF,SSYRRPVGI
CASSGGSNTGQLYF,ASNENMETM
CASSEPDSAETLYF,SSYRRPVGI
CASSRDSAETLYF,SSYRRPVGI
CASSRLGVSAETLYF,HGIRNASFI
CAWSPGTGGYNYAEQFF,SSPPMFRV
CASSGGSNTGQLYF,ASNENMETM
CTCSAGTGGYNYAEQFF,SSPPMFRV
CTCSGGTGGYNYAEQFF,SSPPMFRV
CASSQDRRNSYNSPLYF,ASNENMETM
CASSQDSAETLYF,SSYRRPVGI
CASSPDRGEVFF,SSLENFRAYV
CASSGGSNTGQLYF,ASNENMETM
CASGGTDSAETLYF,SSYRRPVGI
CASSTRGAEQFF,ASNENMETM
CASSRDSAETLYF,SSYRRPVGI
CASSQDSYANTEVFF,ASNENMETM
CASSRLGTSAETLYF,HGIRNASFI
CATGTGSSAETLYF,SSPPMFRV
CASSGGANTGQLYF,ASNENMETM
CASSDDWETLYF,SSYRRPVGI
CTCSAGTGGYNYAEQFF,SSPPMFRV
CTCSGGTGGYNYAEQFF,SSPPMFRV
CASSPLGSSAETLYF,HGIRNASFI
CTCSGRTSAETLYF,SSYRRPVGI
CASSIGNEQYF,SSLENFRAYV
CASGGSSAETLYF,SSYRRPVGI
CASSPSNQDTQYF,HGIRNASFI
CASSPDSAETLYF,SSLENFRAYV
CAWSHTGGARNTLYF,ASNENMETM
CTCSAGTGGFNYAEQFF,SSPPMFRV
CASSGGSNTGQLYF,ASNENMETM
CASSSPRDRGTSAETLYF,SSYRRPVGI
CASSPGTGGYNYAEQFF,SSPPMFRV
CASSRARDEQYF,ASNENMETM
CAWRKLGGGEAEQFF,SSYRRPVGI
CASSQDLGGRYEQYF,ASNENMETM
CASSGGSNTGQLYF,ASNENMETM
CASSLGRGVFF,SSLENFRAYV
CASRGTDSAETLYF,SSYRRPVGI
CTCSADYRNSYNSPLYF,ASNENMETM
CTCSAGTGGYNYAEQFF,SSPPMFRV
CASSQDSAETLYF,SSYRRPVGI
CASSFRGDNQAPLF,HGIRNASFI
CASSRDSAETLYF,SSYRRPVGI
CASGEDSAETLYF,SSYRRPVGI
CASRGGARTGQLYF,ASNENMETM
CASMGTSAETLYF,SSYRRPVGI
CASSLWRDTLYF,ASNENMETM
CASSELGGQGEQYF,SSLENFRAYV
CASSRQNSDYTF,HGIRNASFI
CASSLDRGGLFF,SSLENFRAYV
CASTEGGEQYF,SSLENFRAYV
CASSWRTDYAEQFF,HGIRNASFI
CASTQGGAPLF,SSLENFRAYV
CASSSWGVSAETLYF,HGIRNASFI
CASSQDWGGDTLYF,SSYRRPVGI
CTCSAGTGGYNYAEQFF,SSPPMFRV
CASSGGPNTGQLSF,ASNENMETM
CASSDARGGGNSDYTF,SSYRRPVGI
CASGGGSNERLFF,SSYRRPVGI
CASSGGGNTGQLYF,ASNENMETM
CASSWDRGEVFF,SSLENFRAYV
CASSFNSAETLYF,SSYRRPVGI
CASRDFSQNTLYF,ASNENMETM
CASSSYEQYF,SSLENFRAYV
CTCSAGTGGFNYAEQFF,SSPPMFRV
CASGGRDSAETLYF,SSYRRPVGI
CTCSGGTGGYNYAEQFF,SSPPMFRV
CASSLGGYEQYF,SSLENFRAYV
CASSLDSAETLYF,SSYRRPVGI
CASSLTDSYEQYF,SSYRRPVGI
CASSGGSNTGQLYF,ASNENMETM
CASSWDSAETLYF,SSYRRPVGI
CASSLSGNSDYTF,HGIRNASFI
CASSDSKNTEVFF,ASNENMETM
CASSGGANTGQLYF,ASNENMETM
CASRNRGDYAEQFF,HGIRNASFI
CASRYRGDNQAPLF,HGIRNASFI
CASSPGPSSYEQYF,ASNENMETM
CASMTGDSAETLYF,SSYRRPVGI
CASSEGEAPLF,SSLENFRAYV
CASSLGTGDYAEQFF,HGIRNASFI
CASSPQETGQLYF,HGIRNASFI
CASSDHRGTEVFF,ASNENMETM
CASSPGTGGYNYAEQFF,SSPPMFRV
CASSGTGDTGQLYF,SSYRRPVGI
CASSRDQNTGQLYF,SSPPMFRV
CASSGPEVFF,SSLENFRAYV
CASSHDRRNSYNSPLYF,ASNENMETM
CASSSDSAETLYF,SSYRRPVGI
CASSIGWGAYEQYF,SSYRRPVGI
CASSLGGEQYF,SSLENFRAYV
CASSLKGTEVFF,SSYRRPVGI
CASSSGEGVFF,SSLENFRAYV
CASSDDSAETLYF,SSYRRPVGI
CASSEGREQYF,SSLENFRAYV
CASSLARDEQYF,ASNENMETM
CASSIVGGGAETLYF,SSYRRPVGI
CASSLGSAETLYF,HGIRNASFI
CAWSPGREVFF,SSLENFRAYV
CASSQDLGGRYEQYF,ASNENMETM
CASSPRLGAYAEQFF,SSYRRPVGI
CASSLDQGEGNTLYF,SSYRRPVGI
CASSLTENQAPLF,SSYRRPVGI
CASSPLGSSAETLYF,HGIRNASFI
CASSGGANTGQLYF,ASNENMETM
CASSGLGSSAETLYF,HGIRNASFI
CASSLVLGDAETLYF,HGIRNASFI
CASSRLGASAETLYF,HGIRNASFI
CASSMGAEQFF,SSLENFRAYV
CASSRTGDYAEQFF,HGIRNASFI
CASSLDSAETLYF,SSYRRPVGI
CASSFAGGGAETLYF,SSYRRPVGI
CASSFGGAPLF,SSLENFRAYV
CASTTGTGVVFF,SSLENFRAYV
CASSPGPTNERLFF,ASNENMETM
CASSPGTGGYNYAEQFF,HGIRNASFI
CASSWGGRSSDYTF,ASNENMETM
CASGGESAETLYF,SSYRRPVGI
CASSGNSAETLYF,SSYRRPVGI
CASSRLGSSAETLYF,HGIRNASFI
CASSLGGQDTQYF,HGIRNASFI
CASSEGGPYEQYF,SSYRRPVGI
CASSGGANTGQLYF,ASNENMETM
CASSLGSQNTLYF,HGIRNASFI
CASSRDWNTGQLYF,SSPPMFRV
CASSRDSAETLYF,SSYRRPVGI
CASSRLGTSAETLYF,HGIRNASFI
CAIRATSAETLYF,SSYRRPVGI
CASSWGSEVFF,SSLENFRAYV
CASSGGAEQYF,SSLENFRAYV
CASSWGGAPLF,SSLENFRAYV
CTCSAGTGGYNYAEQFF,SSPPMFRV
CASSWGDEQYF,SSLENFRAYV
CASSNLEAEQFF,SSYRRPVGI
CASSGGSNTGQLYF,ASNENMETM
CASSGRDSAETLYF,SSYRRPVGI
CASSLPDSAETLYF,SSYRRPVGI
CASSQERGSAETLYF,ASNENMETM
CASSQDRRNSYNSPLYF,ASNENMETM
CTCSADRVNTEVFF,SSPPMFRV
CASSPTGGDAETLYF,SSYRRPVGI
CASSQEDWGSAETLYF,ASNENMETM
CASSQDSAETLYF,SSYRRPVGI
CASSLGGYEQYF,SSLENFRAYV
CASADNYNSPLYF,ASNENMETM
CASSADSAETLYF,SSYRRPVGI
CASSGGQGNSPLYF,ASNENMETM
CASSPDSAETLYF,SSYRRPVGI
CASSPDSAETLYF,SSYRRPVGI
CASSAGTGGYNYAEQFF,SSPPMFRV
CASSSHLEVFF,SSLENFRAYV
CASSGRDSNSDYTF,SSYRRPVGI
CASSIGNEQYF,SSLENFRAYV
CASSHSRGQVDTQYF,ASNENMETM
CTCSAGTGGFNYAEQFF,SSPPMFRV
CASSSWGNQDTQYF,HGIRNASFI
CASSGTGGDYAEQFF,HGIRNASFI
CTCSAGTGGYNYAEQFF,SSPPMFRV
CAWSPDSAETLYF,SSYRRPVGI
CAWRGLDSAETLYF,SSYRRPVGI
CASSRLGDSYEQYF,SSLENFRAYV
CASTLGGEVFF,SSLENFRAYV
CASSPRDSAETLYF,SSYRRPVGI
CASSIGGEVFF,SSLENFRAYV
CATGTGSSAETLYF,SSPPMFRV
CASSRDSAETLYF,SSYRRPVGI
CASSLARDEQYF,ASNENMETM
CASSPGPSSYEQYF,ASNENMETM
CASSGDSAETLYF,SSYRRPVGI
CASSSYEQYF,SSLENFRAYV
CASSQDLGGVYEQYF,ASNENMETM
CASSFTGDTEVFF,SSLENFRAYV
CASSGGANTGQLYF,ASNENMETM
CASSPRTGGYNYAEQFF,SSPPMFRV
CASSAGTGGYNYAEQFF,SSPPMFRV
CGARDRDWGQNTLYF,ASNENMETM
CASSPGTGGYNYAEQFF,SSPPMFRV
CTCSAGTGGYNYAEQFF,SSPPMFRV
CASSSGTEVFF,SSLENFRAYV
CASSLSWDREGTLYF,SSLENFRAYV
CASSGESAETLYF,SSYRRPVGI
CTCSAGTGGYNYAEQFF,SSPPMFRV
CASSPGPSSYEQYF,ASNENMETM
CTCSGGTGGYNYAEQFF,SSPPMFRV
CASSQDSAETLYF,SSYRRPVGI
CASSGDSSAETLYF,SSYRRPVGI
CASSGLGTSAETLYF,HGIRNASFI
CTCSAGTGGFNYAEQFF,SSPPMFRV
CASSGGANTGQLYF,ASNENMETM
CASSLPGDYAEQFF,HGIRNASFI
CASSLGTDEQYF,SSLENFRAYV
CTCSAGTGGYNYAEQFF,SSPPMFRV
CASSSGTGDF,SSLENFRAYV
CASSWKGDNSPLYF,HGIRNASFI
CASSSWGGLSQNTLYF,SSYRRPVGI
CGARDGGGEVFF,ASNENMETM
CASGGDSSAETLYF,SSYRRPVGI
CTCSTGTGGFNYAEQFF,SSPPMFRV
CASSGDSAETLYF,SSLENFRAYV
CTCSADRINQDTQYF,SSYRRPVGI
CASSLSNRGQDSDYTF,SSLENFRAYV
CASSTGAEQFF,SSLENFRAYV
CASSLSGFEQYF,SSLENFRAYV
CASGGDSAETLYF,SSYRRPVGI
CASSQESAETLYF,SSYRRPVGI
CTCSAGTGGYNYAEQFF,SSPPMFRV
CASSRDSAETLYF,SSYRRPVGI
CGARDGGLNTGQLYF,SSYRRPVGI
CASSYSSAETLYF,SSYRRPVGI
CTCSAGTGGYNYAEQFF,SSPPMFRV
CASSPDRGEQYF,SSLENFRAYV
CASSQDSAETLYF,SSYRRPVGI
CASSTGGGSDYTF,HGIRNASFI
CASSGLDSAETLYF,SSYRRPVGI
CASSRDSAETLYF,SSYRRPVGI
CASSMDSAETLYF,SSYRRPVGI
CASSLRGDNQAPLF,HGIRNASFI
CASRDSANTEVFF,ASNENMETM
CASSLGTGGIQNTLYF,ASNENMETM
CTCSAGTGGYNYAEQFF,SSPPMFRV
CASSLLGDYAEQFF,HGIRNASFI
CASRVNTGQLYF,SSYRRPVGI
CASSLQNSDYTF,SSYRRPVGI
CASSQDSAETLYF,SSYRRPVGI
CASSISLRQFSAETLYF,SSLENFRAYV
CASSFGERLFF,SSLENFRAYV
CASSIGSEQYF,SSLENFRAYV
CTCSAGTGGYNYAEQFF,SSPPMFRV
CASSIGSEQYF,SSYRRPVGI
CASGGDSSAETLYF,SSYRRPVGI
CASSPGPSSYEQYF,ASNENMETM
CASSQDRRNSYNSPLYF,ASNENMETM
CASNFRGDYAEQFF,HGIRNASFI
CASSGDSAETLYF,SSYRRPVGI
CTCSAGTGGFNYAEQFF,SSPPMFRV
CASSQDSAETLYF,SSYRRPVGI
CASSGDSAETLYF,SSYRRPVGI
CASSLRGDNQAPLF,HGIRNASFI
CASDWGDSAETLYF,SSYRRPVGI
CASSGDSAETLYF,SSYRRPVGI
CAWGGTSSAETLYF,SSYRRPVGI
CASSPGGQNTLYF,HGIRNASFI
CASSTDSAETQYF,SSYRRPVGI
CASSQDRRNSYNSPLYF,ASNENMETM
CTCSTGTGGYNYAEQFF,SSPPMFRV
CASSQDLGGVYEQYF,ASNENMETM
CTCSGRDSAETLYF,SSYRRPVGI
CTCSAGQGGNQAPLF,SSLENFRAYV
CASSGGSNTGQLYF,ASNENMETM
CASSRDSAETLYF,SSYRRPVGI
CASSAGTGGFNYAEQFF,SSPPMFRV
CTCSAGTGGYNYAEQFF,SSPPMFRV
CASSQDRRNSYNSPLYF,ASNENMETM
CASSSDSAETLYF,SSYRRPVGI
CASTAGDSAETLYF,SSYRRPVGI
CASSQDRGNTLYF,SSPPMFRV
CASSFRGDYAEQFF,HGIRNASFI
CASSDEGASYEQYF,SSPPMFRV
CASSPSTGREQYF,HGIRNASFI
CASGGDSAETLYF,SSYRRPVGI
CASSEGREQYF,SSLENFRAYV
CASSSDSAETLYF,SSYRRPVGI
CASRMESSAETLYF,SSYRRPVGI
CASGGDSAETLYF,SSYRRPVGI
CASGDRDWGDEQYF,HGIRNASFI
CTCSAGTGGYNYAEQFF,SSPPMFRV
CASRGGANTGQLYF,ASNENMETM
CASSQDSAETLYF,SSYRRPVGI
CASSSGTEVFF,SSLENFRAYV
CASSLGGGSQNTLYF,HGIRNASFI
CASSLGLGSAETLYF,SSYRRPVGI
CASSHDRRNSYNSPLYF,ASNENMETM
CASSFGREQYF,SSLENFRAYV
CASSRNWGEKDTQYF,HGIRNASFI
CASSHDRRNSYNSPLYF,ASNENMETM
CASSDAPTSNERLFF,SSYRRPVGI
CASSARTANTEVFF,ASNENMETM
CASSRMGASAETLYF,HGIRNASFI
CASSGTGGHERLFF,SSLENFRAYV
CASSDADWGTYAEQFF,HGIRNASFI
CASRPTTSAETLYF,SSYRRPVGI
CTCSGLDSAETLYF,SSYRRPVGI
CASSLGGGVFF,SSLENFRAYV
CASRRDSAETLYF,SSLENFRAYV
CASSDHRNTEVFF,ASNENMETM
CASSLSSRGPNSDYTF,SSLENFRAYV
CASGTGEYAEQFF,SSYRRPVGI
CTCSADWRNSYNSPLYF,ASNENMETM
CASSLDRAEVFF,SSLENFRAYV
CASSFGQAPLF,SSLENFRAYV
CASSPGTGGYNYAEQFF,SSPPMFRV
CASSRDQNTGQLYF,SSPPMFRV
CASSLARDEQYF,ASNENMETM
CTCSAGTGGYNYAEQFF,SSPPMFRV
CASIGYNYAEQFF,SSLENFRAYV
CASSAGQGDNYAEQFF,HGIRNASFI
CASSIGDEQYF,SSLENFRAYV
CASSGGANTGQLYF,ASNENMETM
CASSGGANTGQLYF,ASNENMETM
CASSQDSAETLYF,SSYRRPVGI
CASSLAKNSDYTF,HGIRNASFI
CASSRDNWSDYTF,SSPPMFRV
CASSDHRTTEVFF,ASNENMETM
CASSTLGTSAETLYF,HGIRNASFI
CTCSSGTGGFNYAEQFF,SSPPMFRV
CASGGLDSAETLYF,SSYRRPVGI
CASSRLGASAETLYF,HGIRNASFI
CASSGDSAETLYF,SSYRRPVGI
CASSGGANTGQLYF,ASNENMETM
CASSAGTGGYNYAEQFF,SSPPMFRV
CASSRLGTSAETLYF,HGIRNASFI
CASSPPDSAETLYF,SSYRRPVGI
CASSSDSAETLYF,SSYRRPVGI
CASRPGTDSAETLYF,SSYRRPVGI
CASSGQGAPNSDYTF,SSYRRPVGI
CASSRLGTSAETLYF,HGIRNASFI
CASSQDRRNSYNSPLYF,ASNENMETM
CASSQDGSQNTLYF,SSPPMFRV
CASSQGGRQYF,SSLENFRAYV
CASSLGGEVFF,SSLENFRAYV
CASSGGANTGQLYF,ASNENMETM
CTCSAGTGGYNYAEQFF,SSPPMFRV
CASGDRDWGDEQYF,HGIRNASFI
CASSRLGTSAETLYF,HGIRNASFI
CACGGTDSAETLYF,SSYRRPVGI
CASMSGSAETLYF,SSYRRPVGI
CASSPDSAETLYF,SSYRRPVGI
CASSLDRGEVFF,SSLENFRAYV
CASSQGGFDYAEQFF,HGIRNASFI
CASSFWGRDQDTQYF,SSPPMFRV
CASSENWGYEQYF,SSPPMFRV
CASSGGANTGQLYF,ASNENMETM
CAWTGSSAETLYF,SSYRRPVGI
CASSSYEQYF,SSLENFRAYV
CASSFGGEVFF,SSLENFRAYV
CASRDWESSYEQYF,ASNENMETM
CASSRDWNTGQLYF,SSPPMFRV
CASSGGGNTGQLYF,ASNENMETM
CTCSADRENTEVFF,SSYRRPVGI
CASSLPDSQDTQYF,SSYRRPVGI
CASTGGEEVFF,SSLENFRAYV
CASSQDSAETLYF,SSYRRPVGI
CASKGGGNTGQLYF,ASNENMETM
CASSGGAEVFF,SSLENFRAYV
CACGGTDSAETLYF,SSYRRPVGI
CTCSAGTGGYNYAEQFF,SSPPMFRV
CASSSYEQYF,SSLENFRAYV
CASSLGLGLIYEQYF,SSYRRPVGI
CASSQDSAETLYF,SSYRRPVGI
CASSQEDTSNERLFF,SSYRRPVGI
CASSLTDTEVFF,SSYRRPVGI
CTCSAGTGGYNYAEQFF,SSPPMFRV
CASSDAREDTQYF,SSYRRPVGI
CASSLTDEQYF,SSLENFRAYV
CASSLARDEQYF,ASNENMETM
CAWTHLSNERLFF,SSYRRPVGI
CASSRLGASAETLYF,HGIRNASFI
CASSSGGEQYF,SSLENFRAYV
CASTSGNTLYF,SSLENFRAYV
CASSLDRAEVFF,SSLENFRAYV
CASSLDSAETLYF,SSYRRPVGI
CASSWGGRSSDYTF,ASNENMETM
CASSRDSAETLYF,SSYRRPVGI
CTCSAGTGVAEQFF,SSYRRPVGI
CASSGNSAETLYF,SSYRRPVGI
CASSPGTGGYNYAEQFF,SSPPMFRV
CASSAGTGGYNYAEQFF,SSPPMFRV
CASRGDSAETLYF,SSYRRPVGI
CASNPVDSAETLYF,SSYRRPVGI
CASWGDSAETLYF,SSYRRPVGI
CASSPDWGGRYEQYF,SSYRRPVGI
CASSGDSAETLYF,SSYRRPVGI
CASSGGANTGQLYF,ASNENMETM
CASSGGSNTGQLYF,ASNENMETM
CASSLRGDYAEQFF,HGIRNASFI
CASSGGANTGQLYF,ASNENMETM
CASSSPRDSAETLYF,SSYRRPVGI
CASSQDSAETLYF,SSYRRPVGI
CASSDHRNTEVFF,SSYRRPVGI
CASSIVGGGAETLYF,ASNENMETM
CASSRDSAETLYF,SSYRRPVGI
CASSLDRGEQYF,SSLENFRAYV
CASSPTGVAEQFF,HGIRNASFI
CTCSAGTGGYNYAEQFF,SSPPMFRV
CGARDHRGSQYF,ASNENMETM
CASGGDSSAETLYF,SSYRRPVGI
CASSLLGGDAETLYF,HGIRNASFI
CASSGGANTGQLYF,ASNENMETM
CTCSAGTGGYNYAEQFF,SSPPMFRV
CASSPDRGEVFF,SSLENFRAYV
CASSDSKNTEVFF,ASNENMETM
CASSLSGFEQYF,SSLENFRAYV
CASSGGSNTGQLYF,SSYRRPVGI
CASSFRGDNQAPLF,HGIRNASFI
CSSSWSSAETLYF,SSYRRPVGI
CASSGGAEQFF,SSLENFRAYV
CASSSDSAETLYF,SSYRRPVGI
CASSLGGEVFF,SSLENFRAYV
CASSGSSAETLYF,SSYRRPVGI
CASSRDLGRDTQYF,ASNENMETM
CASSLGTDQDTQYF,SSYRRPVGI
CASRGGGHTGQLYF,ASNENMETM
CASSPGQGYEQYF,SSYRRPVGI
CASSIGDEQYF,SSLENFRAYV
CTCSGGTGGYNYAEQFF,SSYRRPVGI
CTCSAGTGGFNYAEQFF,SSPPMFRV
CASSPGPSSYEQYF,ASNENMETM
CASSSDSAETLYF,SSYRRPVGI
CASSRDWGYQDTQYF,HGIRNASFI
CAWPSTSAETLYF,SSYRRPVGI
CASSGLGGSAETLYF,HGIRNASFI
CASSFGTEVFF,SSLENFRAYV
CASSPDSAETLYF,SSYRRPVGI
CASRDNNQDTQYF,SSPPMFRV
CASSWGSEQYF,SSLENFRAYV
CASSFADSAETLYF,SSYRRPVGI
CASSIRTGGYNYAEQFF,SSPPMFRV
CASSPRDSAETLYF,SSYRRPVGI
CAWSPDWGVYEQYF,SSYRRPVGI
CASSGGADYTF,SSLENFRAYV
CASSPGTGGYNYAEQFF,SSPPMFRV
CASGQDRRNSYNSPLYF,ASNENMETM
CASSWDRGEQYF,SSLENFRAYV
CASRGTDSAETLYF,SSYRRPVGI
CASSSNSDYTF,SSYRRPVGI
CASSFTSSAETLYF,SSYRRPVGI
CASSLKQGRSDYSF,ASNENMETM
CASSRRERNSPLYF,HGIRNASFI
CASSWGDEQYF,SSLENFRAYV
CASSIGGEVFF,SSLENFRAYV
CASSGGSNTGQLYF,ASNENMETM
CATGTGSSAETLYF,SSPPMFRV
CASSPLGSSAETLYF,HGIRNASFI
CASSQDSAETLYF,SSYRRPVGI
CASSPGTGGYNYAEQFF,SSPPMFRV
CASRGTDSAETQYF,SSYRRPVGI
CASSPGSGNTLYF,HGIRNASFI
CASSRGWGGPENTLYF,HGIRNASFI
CASSGGSNTGQLYF,ASNENMETM
CASSGGSNTGQLYF,ASNENMETM
CTCSGRDSAETLYF,SSYRRPVGI
CASSADSAETLYF,SSYRRPVGI
CASSRSSAETLYF,SSYRRPVGI
CASSLTGDYAEQFF,HGIRNASFI
CASSGGQAPLF,SSLENFRAYV
CASSRDSAETLYF,SSYRRPVGI
CTCSAGTGGYNYAEQFF,SSPPMFRV
CASSAGRGNTLYF,SSYRRPVGI
CASSSGTGYSDYTF,SSPPMFRV
CASSQQQDSYEQYF,SSLENFRAYV
CASSTGDEQYF,SSLENFRAYV
CASSGGSNTGQLYF,ASNENMETM
CASSLDRGEVFF,SSLENFRAYV
